function G = computeG_R8(u,up)

G1 = zeros(9,9);
G2 = zeros(9,9);
G3 = zeros(9,9);

G1(2,7) = -0.5;
G1(7,2) = -0.5;
G1(2,8) = -0.5;
G1(8,2) = -0.5;
G1(3,7) = u(2)/2;
G1(7,3) = u(2)/2;   
G1(3,8) = up(2)/2;
G1(8,3) = up(2)/2;
G1(4,9) = 0.5;
G1(9,4) = 0.5;
G1(7,9) = -u(1)/2;
G1(9,7) = -u(1)/2;
G1(8,9) = up(1)/2;
G1(9,8) = up(1)/2;

G2(1,7) = 0.5;
G2(7,1) = 0.5;
G2(1,8) = 0.5;
G2(8,1) = 0.5;
G2(3,7) = -u(1)/2;
G2(7,3) = -u(1)/2;
G2(3,8) = -up(1)/2;
G2(8,3) = -up(1)/2;
G2(5,9) = 0.5;
G2(9,5) = 0.5;
G2(7,9) = -u(2)/2;
G2(9,7) = -u(2)/2;
G2(8,9) = up(2)/2;
G2(9,8) = up(2)/2;

G3(1,7) = -u(2)/2;
G3(7,1) = -u(2)/2;
G3(1,8) = -up(2)/2;
G3(8,1) = -up(2)/2;
G3(2,7) = u(1)/2;
G3(7,2) = u(1)/2;
G3(2,8) = up(1)/2;
G3(8,2) = up(1)/2;
G3(6,9) = 0.5;
G3(9,6) = 0.5;
G3(7,9) = -0.5;
G3(9,7) = -0.5;
G3(8,9) = 0.5;
G3(9,8) = 0.5;

G(:,:,1) = G1;
G(:,:,2) = G2;
G(:,:,3) = G3;

end